0.3044364050 0.3369378877 0.4591183867 0.5250924329 0.7212263357  -> [4]
0.0839070166 0.5109167288 0.7107667535 0.7177659178 0.7377419604  -> [0, 3, 4]
0.2164157409 0.4186525821 0.5793443364 0.6831557353 0.9985970257  -> [2, 4]
0.0904211677 0.5078899366 0.5099322950 0.5839252978 0.7704993723  -> [0, 4]
0.1646722588 0.4272344358 0.5454302529 0.9417368289 0.9600157123  -> [0, 1, 2, 3, 4]
0.0104312097 0.1018678291 0.8259277074 0.8781952728 0.9625160280  -> [0, 1, 2, 3, 4]
0.1308436963 0.3642443979 0.4082751294 0.4291938316 0.9848219911  -> [2, 4]
0.3961642399 0.5028887130 0.6431917194 0.8835674992 0.8871767321  -> [3, 4]
0.0752905584 0.2763577275 0.6067727892 0.7427660538 0.9548105338  -> [0, 1, 2, 3, 4]
0.1325309773 0.2001663021 0.3498238295 0.4131085401 0.5078885633  -> []
0.1277855109 0.2307835379 0.4909160287 0.6715964846 0.8942820716  -> [2, 3, 4]
0.0950111545 0.2534863268 0.3373173224 0.4672931859 0.7960570078  -> [3, 4]
0.0192507685 0.3121398750 0.4004805878 0.6863005142 0.8561148115  -> [0, 3, 4]
0.1805812690 0.4743574346 0.4994126671 0.6151586924 0.9935603915  -> [2, 4]
0.2947780574 0.4087410063 0.6725174274 0.6964114106 0.8803792981  -> [3, 4]
0.1317419718 0.2487033481 0.3820312190 0.7581707901 0.8447623475  -> [2, 3, 4]
0.0099657762 0.6895930123 0.7926791383 0.8093981252 0.8868637815  -> [0, 3, 4]
0.0490932923 0.0635948541 0.1251107494 0.8668290740 0.9638673437  -> [2, 3, 4]
0.1402087216 0.1518052796 0.3062169264 0.7933587255 0.8047254776  -> [3, 4]
0.1575369015 0.2492458086 0.3150857013 0.3415716246 0.4024423128  -> []
0.1427184837 0.1924904192 0.2596874120 0.6191354045 0.8686838799  -> [3, 4]
0.0166991454 0.4066073766 0.5147129368 0.6014694531 0.8081894731  -> [0, 3, 4]
0.0692193330 0.4155432968 0.5205594558 0.8031099500 0.8828380467  -> [0, 3]
0.0597234859 0.1485321652 0.2752555862 0.9417367002 0.9930328178  -> [2, 3, 4]
0.2581428153 0.5107447641 0.7004299282 0.8112926943 0.8406905370  -> [3]
0.0169576063 0.1231017751 0.1858669942 0.2926386469 0.2996599285  -> [3, 4]
0.3313493972 0.8267204708 0.9087582402 0.9234742645 0.9986462329  -> [0, 1, 2, 3, 4]
0.8584162886 0.8596496041 0.8894213075 0.9476724358 0.9584574016  -> []
0.0093356683 0.0508128687 0.1326530465 0.1818466158 0.7320638738  -> [3, 4]
0.3182368308 0.4011721967 0.4625389991 0.6420055008 0.7996730746  -> []
0.1685957861 0.3748041832 0.6495090716 0.9383348676 0.9915958733  -> [0, 1, 2, 3, 4]
0.1549862441 0.2037764508 0.2099487376 0.5823991839 0.6330658822  -> []
0.4139837061 0.5018415853 0.6568766777 0.8024832767 0.8761815014  -> [3, 4]
0.1507518266 0.4210793349 0.6048938098 0.7421405593 0.7750769264  -> [0, 3]
0.0022349713 0.0786226171 0.1404521856 0.7239097122 0.9013781608  -> [0, 1, 2, 3, 4]
0.0067366256 0.2835207725 0.4244638861 0.7105087603 0.9033983015  -> [0, 3]
0.0633893959 0.1129709864 0.4011414185 0.4463260256 0.5163299033  -> []
0.6816912915 0.7786695078 0.7977025522 0.9336645618 0.9919091799  -> [2, 3, 4]
0.2498708468 0.4367470878 0.5334295125 0.7759253147 0.9724058891  -> [2, 3, 4]
0.1869619240 0.2167145525 0.3602221424 0.5027499461 0.5975925131  -> [4]
0.1372898279 0.2062906881 0.2304978075 0.3436514189 0.7517467242  -> [4]
0.4475257215 0.5631212720 0.8011765416 0.8316925061 0.9685107446  -> [2, 3, 4]
0.2070519219 0.4106413174 0.4646360832 0.7684076470 0.9941703944  -> [2, 3, 4]
0.0925407916 0.2099867846 0.7104112158 0.8469366984 0.9685029014  -> [0, 1, 2, 3, 4]
0.2202103518 0.2575985638 0.4492073641 0.6591090299 0.6635520894  -> []
0.0036572442 0.1128877681 0.4788534349 0.5201033240 0.5734769487  -> [0, 1, 2, 4]
0.0842700190 0.2292465828 0.5945897826 0.6528810963 0.8755876605  -> [2]
0.1208306508 0.2728108408 0.3272577011 0.3643223336 0.8386743199  -> [3, 4]
0.1260445313 0.4332442994 0.5005749487 0.5611648676 0.8348723490  -> [2]
0.1648383656 0.2593979524 0.5651769300 0.6459567808 0.8469981196  -> [3, 4]
0.2098390204 0.2720021720 0.4194008611 0.7538060240 0.8512743834  -> [3, 4]
0.0904751303 0.1519403416 0.1923897688 0.2595486407 0.4173586182  -> [4]
0.1119609734 0.4598446615 0.6477512882 0.8861429290 0.8925611982  -> [0, 1, 2, 3, 4]
0.0907064492 0.3984194835 0.5768079656 0.7481287198 0.9382915100  -> [0, 1, 2, 3, 4]
0.1331808827 0.4082795365 0.6178100958 0.8228120770 0.9633025893  -> [0, 1, 2, 3, 4]
0.2656249774 0.3438045757 0.7327986435 0.7484777293 0.8657668436  -> [3, 4]
0.3830767034 0.6213746277 0.6851524422 0.7425994943 0.7560792113  -> [3, 4]
0.1522989767 0.2987265844 0.7990151773 0.9462411688 0.9867669344  -> [0, 1, 2, 3, 4]
0.2517624387 0.2623394672 0.3246310013 0.6644966428 0.9132855520  -> [4]
0.2994657700 0.3216751017 0.5471828146 0.5946731905 0.6960780787  -> []
0.0102491383 0.3232939298 0.3243017436 0.5053064966 0.9895741308  -> [0, 4]
0.0125387473 0.3467708082 0.3926023578 0.6283384923 0.8284633721  -> [0, 4]
0.2016324898 0.2330624352 0.3716328017 0.6361902905 0.6522940851  -> []
0.2345266054 0.2402369717 0.4803528583 0.8651102304 0.9689576709  -> [3, 4]
0.2560951755 0.4540324452 0.6893186554 0.9806417365 0.9885145102  -> [0, 1, 2, 3, 4]
0.1754458353 0.3556493051 0.7852713806 0.8815371985 0.9337211534  -> [0, 1, 2, 3, 4]
0.0365258152 0.1578774363 0.5424359729 0.7283986533 0.9655332997  -> [0, 1, 2, 3, 4]
0.0266374641 0.3220700407 0.4717526267 0.8006522634 0.8985386007  -> [0, 1, 2, 3, 4]
0.2314958680 0.2756502657 0.6507187155 0.8296530681 0.8622288300  -> [3, 4]
0.2935096472 0.4988479220 0.5071038227 0.7716723584 0.9606812937  -> [2, 3, 4]

